0: [64, 33]
1: [13]
2: [34]
3: [18, 63, 62, 5, 97]
4: [87, 34, 72, 51]
5: [57, 80, 19, 48, 60, 49, 16, 13]
6: [25, 95]
7: [1, 81, 28, 19, 21]
8: [6, 86, 33, 78, 48]
9: [10, 90]
10: [50]
11: [55, 89, 96, 62, 40, 16, 76, 12]
12: [7]
13: [91, 75, 87]
14: [95, 11, 73]
15: [55, 37, 13, 12, 46, 34, 26, 50, 38, 47]
16: [92, 76, 17, 77, 57]
17: [90, 6, 50, 63]
18: [39, 87, 8, 7, 42]
19: [71, 7, 92, 21, 40, 83]
20: [15, 50]
21: [72, 70, 62]
22: [73, 65, 66, 75, 37, 84, 39]
23: [39, 86, 6, 69, 76, 24, 12, 89, 30]
24: [46]
25: [7, 32]
26: [8, 74]
27: [84, 94, 24, 31, 95, 46, 61, 40, 93]
28: [93, 16, 68, 89, 84, 78, 90, 75, 21, 0]
29: [99, 96, 5, 60, 36, 92, 83, 66, 81, 82]
30: [40, 17, 13, 35]
31: [1, 66, 10, 22, 96, 57, 86]
32: [81, 3, 72, 15, 86, 16, 53]
33: [54]
34: [5, 50, 80, 96, 82]
35: [22, 91, 0, 45, 99, 27, 80, 88, 7]
36: [73, 67, 71, 28, 11, 86, 38]
37: [38, 1, 31, 85, 33, 4, 27, 63, 77]
38: [45]
39: [73, 58, 4, 88, 67, 77]
40: [71, 57, 19, 35, 73, 27, 97, 59, 26, 1]
41: [23, 25]
42: [80, 55, 0, 35, 50, 64, 32]
43: [39, 84, 67, 87]
44: [57, 24]
45: [41, 71, 35, 50, 20]
46: [91]
47: [93, 63, 20, 90, 73]
48: [16, 66, 83, 37, 10, 23, 50, 87, 61]
49: [38, 40, 53, 3, 81, 2, 55, 52]
50: [5, 46, 78]
51: [28, 1, 32, 19, 60, 96, 6, 62]
52: [56, 68, 89, 92, 54, 97]
53: [40, 66, 36, 88, 58]
54: [16]
55: [24, 25, 26, 51, 94, 4, 50, 17]
56: [60, 34, 64, 75, 4, 72, 96, 14]
57: [47, 16, 87, 89, 78]
58: [98]
59: [50, 88, 18]
60: [64, 34, 31, 96, 36, 3, 38, 48, 33]
61: [1, 99, 66, 84, 38, 75, 40, 48, 85, 22]
62: [79, 52, 5, 2, 11]
63: [78, 13]
64: [68, 56, 58, 43, 71, 33, 35, 38, 0]
65: [4, 53, 14]
66: [78, 94, 17]
67: [98, 81, 33, 79, 3]
68: [52, 15, 16, 95, 89, 72, 71, 56, 38]
69: [5, 87, 88, 20, 8, 68, 18, 6]
70: [52, 85, 8, 45, 94, 87, 57, 81, 26, 29]
71: [3, 8, 80, 88]
72: [87, 52]
73: [1, 29, 50, 59, 75]
74: [78, 32, 79, 22]
75: [43, 19, 7, 77, 41, 98, 65, 88, 0, 31]
76: [75, 67, 71, 30, 86, 50, 94, 26]
77: [3, 80, 82, 83, 50, 53, 20, 24, 9]
78: [25, 0, 50, 80, 7, 1, 30]
79: [93, 86, 68, 18]
80: [1, 93, 91, 0]
81: [60, 85, 29, 38]
82: [71]
83: [12, 2, 64]
84: [27, 29, 33, 86, 9]
85: [25, 80, 55, 64, 95, 51]
86: [26]
87: [66, 71, 83, 2, 17]
88: [55, 26, 95, 65, 69, 54]
89: [82, 26, 62, 20, 67, 7, 27]
90: [35, 31]
91: [76, 1, 0, 22, 87, 58, 23, 78]
92: [98]
93: [25, 72]
94: [28, 64, 15]
95: [50, 4, 92, 14, 64]
96: [72, 62, 98, 41, 15, 82, 65, 40, 92]
97: [93, 0]
98: [19, 22, 76]
99: [9, 86, 88, 65, 78, 96, 37, 11]
